Number of collisions: 130980
Number of inelastic collisions: 65537
Time taken to reach critical mass: 435570.1133714285
Largest object size: 529
1772 529
1422 413
5007 384
4139 376
2958 357
5124 339
3044 334
808 331
414 330
3752 321
5707 310
249 273
2935 273
5320 261
4122 253
5500 252
5370 249
1059 241
1283 239
4569 237
1717 235
1008 230
5016 228
2663 227
2841 225
5546 221
5601 221
2070 219
3944 212
3043 210
4100 208
2998 207
5280 207
409 206
4077 202
5622 201
1327 200
2534 199
4042 192
2560 192
1748 188
1144 184
4080 183
2536 181
4797 180
63 179
5415 178
3481 175
4302 174
2357 172
2260 172
5037 171
4527 170
1198 169
700 168
1010 166
3026 166
3057 164
2901 164
438 163
2301 162
3954 161
3779 161
2460 161
5205 160
4227 160
2623 160
1693 158
4852 156
1097 155
5207 155
4082 155
3303 154
4298 154
309 153
4168 153
4432 151
3355 151
5291 151
3002 150
3016 150
3736 150
4 149
3694 149
1692 149
4304 148
5593 148
1867 146
4458 146
2959 145
1640 144
3479 142
2947 141
25 140
4198 139
4611 139
1528 139
4196 139
4932 137
1417 137
5004 136
3232 136
2204 136
1738 135
4125 135
1308 134
3221 134
1329 133
4644 133
1012 133
5224 132
5626 132
407 131
5141 129
1978 129
2118 129
1639 128
611 127
2952 126
1186 125
4950 123
3813 123
2604 123
2315 122
4962 122
3438 122
5219 121
1483 121
1540 121
4268 119
4682 118
1727 118
5759 117
4135 117
5715 116
4821 114
644 113
5752 113
4859 112
4637 112
2595 112
219 111
4381 110
3602 110
3334 110
3743 110
4037 109
5283 109
2159 109
3298 108
753 108
226 107
4425 107
1934 107
2265 107
2611 107
3279 106
2699 105
1452 105
3258 105
4903 105
1379 105
2352 105
2200 104
1114 103
689 103
5679 102
1672 102
2975 101
2765 101
1722 101
629 101
1066 99
4072 99
508 99
3410 99
542 98
3569 98
4826 98
2010 98
1415 98
5539 98
60 98
3500 97
1977 97
2755 97
4204 97
5108 97
2846 96
5191 95
624 95
3783 95
3118 94
4824 94
8 94
4984 93
4597 93
1580 93
1999 93
5913 93
2372 93
5290 92
5074 92
2983 92
515 92
2788 92
2760 92
5354 92
1356 91
3215 91
1384 91
1888 90
5646 90
4028 89
2343 89
5717 88
4970 88
3373 88
1786 87
4960 87
2550 87
471 87
1035 87
3483 87
3179 87
2264 87
5513 86
1808 86
3534 86
802 86
846 85
5905 85
162 85
1326 85
4625 84
2457 84
207 84
2543 84
3922 84
4041 84
1545 82
1248 82
3774 82
2707 82
3818 82
2951 81
3512 81
3336 81
1475 81
4829 81
2867 80
4528 79
4529 79
5006 79
2953 79
669 79
2833 78
5930 78
3738 78
3693 78
683 78
3691 78
197 78
2510 78
3110 78
3502 77
1531 77
4226 77
2091 77
3056 76
4509 76
3552 76
4596 76
203 76
1954 76
1477 76
3394 75
564 75
2057 75
3995 74
5017 74
3563 74
3296 74
1788 73
960 73
1147 73
2557 73
1427 73
4360 73
2926 73
4831 73
5387 72
3986 72
4443 72
5670 72
5634 71
3539 71
1802 71
1258 71
5443 70
385 70
3946 70
2439 70
3132 70
821 70
83 70
2915 69
1796 69
4794 69
3017 69
2844 68
483 67
4666 67
1501 67
1183 67
813 67
479 67
2872 67
4862 67
4786 67
2598 66
1967 66
201 66
849 66
2810 66
4205 66
5570 66
381 66
5582 65
3167 65
3719 65
5927 65
1623 65
2067 65
4540 64
651 64
1223 64
1385 63
333 62
1765 62
2267 62
2712 62
4330 62
2121 62
2916 62
3737 62
2177 61
663 61
1391 61
5110 60
5784 60
3501 60
4848 60
642 60
4993 60
824 60
1887 59
610 59
1471 59
1524 59
5206 59
3943 59
2262 59
3537 59
761 58
2147 58
3094 58
1165 58
4436 58
3984 58
3924 57
2625 57
2566 57
282 57
3655 57
3434 56
1025 56
2616 56
2904 56
5926 56
864 56
5401 56
2873 55
5100 55
1543 55
1504 55
4523 55
4395 55
3078 55
4560 54
4147 54
3671 54
4750 54
1852 54
1108 54
3288 54
2036 54
1331 54
279 54
1211 53
178 53
4181 53
1336 53
5709 53
4732 53
411 53
1158 53
5340 52
1382 52
496 52
3299 52
4427 52
204 52
3060 52
630 51
5319 51
1695 51
3469 51
1277 51
5386 51
581 51
905 50
5140 49
3408 49
1251 49
1690 48
2948 48
4433 48
293 48
5611 48
1706 47
458 47
3700 47
4054 47
2428 47
3764 47
1822 47
3246 47
5818 46
1742 46
4319 46
1080 46
2535 46
4342 46
3162 45
4584 45
2498 45
1857 45
126 45
1648 45
3609 45
3950 45
4217 45
374 45
1944 44
308 44
1696 44
904 44
814 44
3770 44
3730 43
488 43
941 43
2650 43
1187 43
4171 43
1468 43
5490 43
2607 43
4489 43
590 43
3890 43
1611 43
5923 42
2662 42
4006 42
2233 42
4338 42
4010 42
2433 42
4681 41
2408 41
5339 41
4384 41
5567 41
3284 41
4186 41
4783 41
823 41
5195 40
3490 40
3318 40
704 40
2826 40
1711 40
1174 40
1290 40
2774 39
4598 39
1539 39
4043 39
4745 39
1482 39
4882 39
3706 39
3342 39
3492 39
4412 39
1789 39
3868 38
5655 38
12 38
3822 38
3934 38
26 38
4237 38
1141 38
1472 38
1980 38
556 37
5363 37
3363 37
3256 37
4533 37
4933 37
592 36
2128 36
1647 36
5712 36
296 36
2423 36
5089 36
3885 36
2634 36
230 36
3200 35
4590 35
4906 35
1734 35
4152 35
4872 34
3467 34
3393 34
990 34
5172 34
4823 34
5563 34
5145 34
4469 34
4969 34
1341 33
4260 33
3156 33
1542 33
3196 33
3820 33
635 33
3919 33
1481 33
3195 33
953 33
3484 33
5122 32
5282 32
5426 32
2585 32
4293 32
4259 32
3029 32
2539 31
3445 31
4948 31
641 31
4279 31
2925 31
1 31
5879 31
3640 31
5259 31
4921 31
2072 31
2973 31
5020 31
3101 31
1900 31
2329 31
5857 31
2549 30
5239 30
1541 30
3560 30
5445 30
5461 30
745 30
1652 30
2442 30
807 29
4035 29
4767 29
1998 29
4534 29
1474 29
228 29
9 29
1318 29
4816 29
998 29
330 29
4322 28
3117 28
2808 28
1631 28
2162 28
4600 28
3141 28
1492 28
1159 27
1128 27
237 27
5008 27
1799 27
1462 27
5523 27
3085 27
3544 27
3294 27
2692 27
4408 27
5610 27
1603 27
3218 27
3302 27
915 26
2224 26
1932 26
1073 26
4845 26
4000 26
5844 26
159 26
200 26
3245 26
4813 26
977 26
684 26
259 25
5552 25
4842 25
5250 25
838 25
2967 25
5373 25
131 25
1295 25
47 25
1205 25
4441 25
4399 25
4730 25
3808 25
5113 25
1726 24
3583 24
5213 24
3636 24
2481 24
5847 24
1659 24
4672 24
1153 24
2318 24
4136 24
5713 24
338 24
3129 23
1344 23
2470 23
3489 23
5318 23
964 23
1653 23
1620 23
2831 23
5095 23
5835 23
1996 23
3505 23
4195 23
967 22
2349 22
4810 22
4440 22
5565 22
2374 22
4415 22
1407 22
921 22
3584 22
5265 22
3275 22
5030 22
5723 22
1584 22
3508 22
666 21
2289 21
5487 21
3633 21
3213 21
423 21
401 21
4914 21
4542 21
2671 21
4512 21
3459 21
4755 21
5285 21
81 21
4357 21
4667 21
3991 20
913 20
387 20
1026 20
4720 20
3531 20
1728 20
4591 20
17 20
4820 20
5351 20
1050 20
2247 20
938 20
1771 20
38 20
4285 19
5575 19
500 19
3650 19
803 19
5543 19
2501 19
4771 19
2609 19
1856 19
5090 19
3679 19
5449 19
2637 19
827 19
4546 19
1882 19
5659 19
148 18
3524 18
4633 18
1015 18
1614 18
1537 18
1343 18
4650 18
1214 18
2319 18
795 18
3144 18
5491 18
674 18
1150 18
2131 18
3072 18
3242 18
210 18
1270 18
2038 18
4839 18
3486 18
759 18
3313 18
3645 18
5505 18
4632 18
3427 18
5477 18
3939 17
3297 17
693 17
2059 17
5381 17
4228 17
3157 17
2563 17
3999 17
3982 17
5153 17
939 17
2205 17
3148 17
2476 17
1937 17
453 17
3487 17
997 17
4169 17
2331 17
1079 17
316 17
2202 17
3170 17
2809 16
5777 16
5028 16
4508 16
3093 16
3845 16
4121 16
4677 16
1575 16
2532 16
509 16
4068 16
250 16
166 16
5833 16
3083 16
4641 16
4324 16
3596 16
3979 16
4998 16
5217 16
3704 16
424 16
529 16
5043 16
2041 16
170 16
5749 16
435 15
911 15
4671 15
4479 15
4812 15
3594 15
664 15
1845 15
5757 15
5147 15
2066 15
1678 15
4904 15
888 15
377 15
5862 15
3346 15
3611 15
1628 15
3351 15
985 15
5334 15
3421 15
4313 15
1878 15
4942 15
984 15
5058 15
3250 15
5661 15
5904 15
4002 15
3362 15
3972 14
4396 14
5936 14
2406 14
2705 14
5798 14
2058 14
5009 14
539 14
1402 14
3707 14
1863 14
2780 14
5135 14
2847 14
4548 14
699 14
1022 14
301 14
2868 14
1557 14
2520 14
2093 14
1634 14
5786 13
1587 13
234 13
3470 13
5430 13
1084 13
4609 13
4383 13
2796 13
5160 13
3254 13
5064 13
1044 13
4222 13
1829 13
2937 13
2425 13
1751 13
5109 13
682 13
5826 13
4050 13
3033 13
236 13
4462 13
1617 13
4989 13
5262 13
1212 13
2741 13
650 13
2468 13
4766 13
3208 13
2920 13
2999 12
570 12
3835 12
3091 12
746 12
1418 12
4928 12
3001 12
1744 12
1358 12
2682 12
3174 12
4483 12
4307 12
2561 12
2414 12
866 12
3053 12
1016 12
260 12
2081 12
2672 12
3379 12
3261 12
3830 12
4047 12
4779 12
5440 12
4316 12
679 12
334 12
2191 12
4377 12
413 12
4943 12
1581 12
2420 12
5896 12
5428 12
5501 12
2276 12
2288 12
1911 12
2455 12
4040 12
1063 12
5178 12
4238 12
1030 12
5729 12
1051 12
5305 12
3733 12
3874 12
367 12
68 12
2102 12
402 12
3180 12
427 12
4335 12
5432 12
4278 11
1090 11
4935 11
3319 11
3755 11
1231 11
3234 11
3031 11
355 11
880 11
5446 11
474 11
4586 11
4083 11
902 11
5343 11
943 11
428 11
892 11
2556 11
1894 11
2504 11
5154 11
4402 11
4645 11
4807 11
1846 11
4841 11
3052 11
5645 11
2187 11
4752 11
4575 11
2032 11
4613 11
2116 11
3049 11
4053 11
4493 11
5697 11
2570 11
82 11
2125 11
4219 11
3867 11
4847 11
4693 11
5873 11
4784 11
1773 11
3550 11
5838 11
1337 11
2763 11
5060 11
719 11
3955 11
4105 11
1089 11
3935 11
1305 11
890 11
1583 10
1094 10
3104 10
3324 10
1398 10
2588 10
4344 10
2674 10
1497 10
4986 10
3189 10
6 10
4731 10
4805 10
3403 10
1924 10
3289 10
5374 10
5865 10
2178 10
4713 10
2800 10
681 10
464 10
1087 10
2006 10
5493 10
3686 10
2954 10
5127 10
2929 10
4579 10
138 10
1257 10
3993 10
1340 10
5292 10
1687 10
1148 10
1023 10
5633 10
5940 10
4924 10
3491 10
3150 10
4500 10
4670 10
1489 10
1352 10
5714 10
1093 10
4011 9
362 9
1971 9
907 9
2119 9
4896 9
3538 9
3894 9
4474 9
3525 9
2373 9
3941 9
5059 9
5929 9
171 9
1618 9
4451 9
1284 9
141 9
640 9
5314 9
4107 9
4909 9
5295 9
450 9
4510 9
2445 9
5408 9
4340 9
5194 9
1527 9
217 9
4230 9
2618 9
5067 9
263 9
4594 9
4949 9
5613 9
1725 9
784 9
2107 9
5168 9
5473 9
2592 9
2732 9
714 9
5842 9
524 9
4108 9
4353 9
1192 9
2620 9
2379 9
2399 9
1831 9
53 9
1019 9
3712 9
4769 9
3497 9
313 9
4191 9
1152 9
4014 8
4019 8
3374 8
36 8
1027 8
3747 8
5040 8
1373 8
346 8
1615 8
1565 8
4556 8
2170 8
857 8
1273 8
111 8
625 8
3454 8
4653 8
3793 8
3076 8
4421 8
4954 8
5603 8
582 8
787 8
4146 8
1242 8
4461 8
3287 8
5328 8
5070 8
3087 8
4592 8
5537 8
2749 8
632 8
628 8
3107 8
2087 8
3527 8
4174 8
4735 8
4012 8
3471 8
4798 8
472 8
3292 8
4370 8
2907 8
276 8
3116 8
5296 8
4132 8
2569 8
3992 8
2617 8
3756 8
5741 8
2603 8
2615 8
4744 8
517 8
1637 8
5368 8
5349 8
3214 8
5684 8
2209 8
4827 8
2702 8
961 8
4243 8
5054 8
1129 8
4244 8
2725 8
555 8
586 8
5010 8
2115 8
3358 8
1626 8
505 8
3753 8
1920 8
1890 8
1712 8
1287 8
495 8
2995 8
5267 7
5822 7
5821 7
3192 7
2293 7
5244 7
332 7
4309 7
5300 7
5663 7
4143 7
3607 7
20 7
2328 7
2299 7
1355 7
3599 7
1315 7
2840 7
3353 7
1588 7
5117 7
5553 7
4617 7
2220 7
4481 7
280 7
3870 7
2895 7
3592 7
3516 7
3797 7
949 7
3843 7
3976 7
3134 7
1091 7
1768 7
4647 7
4251 7
78 7
2955 7
1118 7
3909 7
5365 7
5656 7
3956 7
2503 7
3465 7
3331 7
2974 7
3907 7
298 7
5475 7
5704 7
1168 7
1582 7
2792 7
934 7
5345 7
2323 7
5803 7
3468 7
165 7
4450 7
5894 7
1447 7
3777 7
5407 7
2630 7
4715 7
5258 7
4819 7
4015 7
4853 7
1263 7
2074 7
1432 7
4016 7
5825 7
4737 7
5056 7
4651 7
321 7
4814 7
4680 7
5779 7
4159 6
3630 6
4514 6
1455 6
3133 6
4120 6
220 6
4482 6
3844 6
3327 6
5781 6
4133 6
4630 6
231 6
5701 6
513 6
3912 6
5727 6
4031 6
3724 6
3369 6
2294 6
80 6
2938 6
439 6
5061 6
1210 6
5036 6
4056 6
2088 6
2853 6
2164 6
5021 6
31 6
1506 6
1117 6
2064 6
5641 6
1737 6
777 6
14 6
3042 6
5526 6
4530 6
621 6
2793 6
3366 6
5193 6
5628 6
2590 6
5421 6
4781 6
2403 6
4318 6
2143 6
2033 6
4880 6
3030 6
792 6
119 6
688 6
5125 6
5276 6
2643 6
3978 6
57 6
2514 6
90 6
2235 6
4392 6
4005 6
3817 6
2933 6
5469 6
5107 6
1871 6
5189 6
2020 6
3092 6
1403 6
5675 6
1803 6
1445 6
5837 6
5599 6
2419 6
2742 6
801 6
5417 6
19 6
606 6
1816 6
5332 6
2141 6
5899 6
1778 6
1011 6
1682 6
908 6
2919 6
4706 6
1801 6
3540 6
4250 6
2737 6
3139 6
3932 6
1792 6
526 6
2738 6
1721 6
3654 6
5557 6
1478 6
4923 6
1441 6
831 6
58 6
380 6
2489 6
5325 6
5311 6
1511 6
1844 6
3164 6
5728 6
4803 6
3495 6
2824 6
4691 6
5256 5
2185 5
3571 5
747 5
1599 5
4788 5
3588 5
713 5
1298 5
2004 5
609 5
5077 5
645 5
5700 5
3877 5
3897 5
2109 5
3172 5
1503 5
3075 5
168 5
158 5
3771 5
4128 5
5660 5
4449 5
4707 5
1783 5
1467 5
1981 5
5419 5
1410 5
2478 5
2801 5
4165 5
870 5
2092 5
2675 5
2155 5
221 5
1289 5
2213 5
883 5
1886 5
4109 5
531 5
4420 5
233 5
1493 5
1280 5
157 5
3266 5
2613 5
2641 5
834 5
652 5
2961 5
3217 5
2499 5
1612 5
1814 5
4936 5
935 5
2405 5
2183 5
4825 5
4038 5
5105 5
3339 5
1679 5
2633 5
2691 5
5237 5
1750 5
2269 5
3816 5
4974 5
2739 5
3142 5
4061 5
3385 5
2416 5
5919 5
3858 5
3255 5
4772 5
4787 5
3969 5
3893 5
4898 5
614 5
105 5
4854 5
4504 5
3933 5
4674 5
4063 5
2496 5
2117 5
2670 5
1891 5
2542 5
5357 5
3322 5
447 5
4806 5
535 5
1151 5
4717 5
2687 5
3899 5
3037 5
5472 5
227 5
4511 5
3767 5
1430 5
5274 5
448 5
4076 5
5436 5
5326 5
1572 5
4291 5
1764 5
4488 5
1372 5
5057 5
5682 5
2152 5
4901 5
2168 5
2435 5
3648 5
345 5
3202 5
5658 5
2192 5
4409 5
2820 5
5364 5
4751 5
3312 5
4438 5
5081 5
2149 5
5529 5
2236 5
4749 5
5765 4
42 4
1988 4
2917 4
2174 4
2172 4
5920 4
324 4
3441 4
959 4
3271 4
3236 4
326 4
3247 4
3856 4
5860 4
5294 4
3280 4
3395 4
3330 4
2748 4
247 4
2688 4
2789 4
4008 4
2934 4
1196 4
2307 4
4521 4
996 4
2135 4
2601 4
5150 4
2266 4
284 4
4608 4
4091 4
1345 4
752 4
3967 4
3625 4
3746 4
646 4
2576 4
2242 4
4356 4
4249 4
2912 4
2861 4
3125 4
5197 4
4361 4
1406 4
5437 4
2721 4
5177 4
578 4
3577 4
4431 4
3791 4
5851 4
4367 4
4876 4
4919 4
2484 4
724 4
341 4
527 4
1938 4
2 4
2804 4
2390 4
340 4
3417 4
2303 4
3600 4
110 4
4639 4
430 4
383 4
4049 4
2597 4
5126 4
4376 4
2050 4
1904 4
5758 4
5136 4
87 4
774 4
363 4
819 4
4764 4
873 4
817 4
2696 4
3065 4
4213 4
223 4
2137 4
1567 4
1428 4
492 4
4021 4
4770 4
5159 4
3022 4
1184 4
3371 4
5498 4
5782 4
23 4
3604 4
2491 4
3055 4
875 4
69 4
3872 4
3987 4
446 4
4505 4
3067 4
461 4
4879 4
5725 4
2668 4
540 4
1989 4
722 4
2797 4
5584 4
2541 4
3906 4
2370 4
701 4
4891 4
5792 4
1874 4
2771 4
3000 4
755 4
839 4
125 4
2783 4
5166 4
577 4
5510 4
3714 4
386 4
5023 4
1162 4
2726 4
560 4
265 4
273 4
552 4
2743 4
3453 4
2830 4
2273 4
408 4
4832 4
257 4
3389 4
4094 4
733 4
4629 4
1622 4
1139 4
1500 4
1303 4
3378 4
3498 4
4758 4
2909 4
1862 4
5222 4
5854 4
132 4
3171 4
1604 4
3708 4
946 4
3861 4
3675 4
2832 4
5559 4
906 4
3235 4
5532 4
5398 4
5509 4
176 4
4465 4
5596 4
373 4
3789 4
2277 4
4009 4
1564 4
4729 4
2258 4
947 4
1683 4
1597 4
4959 4
5618 4
489 4
1895 4
136 4
5083 4
1449 4
3915 4
1860 4
558 4
2382 4
5273 4
5612 4
4588 4
4066 4
854 4
5391 4
4868 4
1325 4
4321 4
4878 4
5875 4
5199 4
128 4
1627 4
5025 4
576 4
4477 4
4046 4
3653 4
706 4
5849 4
3622 3
797 3
5845 3
5698 3
1685 3
5220 3
3576 3
1625 3
390 3
4430 3
1247 3
4366 3
1319 3
3377 3
1763 3
4662 3
3542 3
3788 3
1833 3
5886 3
2367 3
1530 3
4685 3
3558 3
3392 3
4894 3
3185 3
4664 3
1668 3
4642 3
1571 3
933 3
5390 3
2686 3
1754 3
2753 3
1098 3
4965 3
3480 3
2320 3
2513 3
5252 3
2589 3
398 3
1110 3
1512 3
2007 3
5859 3
5198 3
2311 3
914 3
851 3
4444 3
1919 3
1760 3
3090 3
1698 3
5607 3
871 3
3089 3
2813 3
5778 3
4373 3
456 3
1840 3
3348 3
974 3
3391 3
3023 3
328 3
2829 3
735 3
1105 3
3115 3
5649 3
3281 3
3020 3
587 3
3974 3
4282 3
3676 3
4566 3
695 3
130 3
805 3
5331 3
1167 3
1671 3
2238 3
2333 3
811 3
1535 3
494 3
4058 3
103 3
5730 3
4655 3
2612 3
4175 3
975 3
3931 3
4678 3
195 3
2992 3
2638 3
1033 3
5692 3
2981 3
2312 3
3349 3
2394 3
4585 3
1179 3
2527 3
51 3
3677 3
4709 3
2582 3
4526 3
1823 3
3726 3
3798 3
1774 3
847 3
5843 3
3123 3
1458 3
3460 3
5922 3
647 3
2348 3
156 3
4442 3
2223 3
1606 3
5507 3
4389 3
2110 3
3623 3
4634 3
2516 3
2515 3
5891 3
5614 3
512 3
922 3
5806 3
1811 3
5591 3
5227 3
5574 3
4747 3
1136 3
52 3
116 3
4626 3
2922 3
1684 3
3239 3
4039 3
35 3
2850 3
5711 3
2479 3
4413 3
3005 3
4048 3
5941 3
2694 3
5246 3
1510 3
1437 3
5458 3
5139 3
3725 3
5858 3
1243 3
1941 3
41 3
1396 3
4463 3
4400 3
4971 3
5606 3
4603 3
5431 3
5396 3
1111 3
1357 3
1062 3
2386 3
5585 3
3131 3
2411 3
4734 3
5275 3
2314 3
3009 3
2701 3
5173 3
1007 3
2253 3
353 3
1113 3
3444 3
4447 3
3352 3
3670 3
2713 3
2497 3
22 3
2586 3
2001 3
3177 3
2409 3
932 3
5699 3
4536 3
4754 3
1686 3
782 3
4410 3
2767 3
3457 3
3399 3
4150 3
3642 3
4148 3
1399 3
2362 3
696 3
2283 3
2756 3
3168 3
4102 3
5116 3
4145 3
1992 3
1238 3
4484 3
1841 3
5196 3
2843 3
1945 3
5760 3
5802 3
553 3
3616 3
4194 3
5184 3
4507 3
218 3
454 3
2988 3
1515 3
1106 3
3703 3
67 3
3122 3
5303 3
4931 3
942 3
94 3
1826 3
5072 3
4687 3
903 3
4057 3
2112 3
3461 3
2628 3
4748 3
5170 3
102 3
4811 3
2654 3
3786 3
523 3
2171 3
1479 3
1208 3
5230 3
4994 3
1889 3
115 3
1505 3
2545 3
940 3
4869 3
2877 3
4161 3
3159 3
3370 3
600 3
5123 3
1755 3
4312 3
2770 3
4920 3
3035 3
2385 3
432 3
3603 3
5890 3
5385 3
2105 3
3382 3
2785 3
1927 3
2704 3
4157 3
2747 3
1828 3
881 3
4033 3
4618 3
287 3
2932 3
2870 3
444 3
1747 3
2431 3
3900 3
4503 3
4499 3
516 3
5268 3
3188 3
2012 3
349 3
3917 3
1265 3
1029 3
2292 3
2897 3
1897 3
76 3
262 3
4267 3
3722 3
490 3
3158 3
3230 3
5604 3
2324 3
1161 3
764 3
4992 3
2894 3
843 3
4326 3
3325 3
5003 3
1132 3
2407 3
5180 3
5424 3
5048 3
5924 3
602 3
1762 3
1116 3
2892 3
3837 3
4774 3
1752 3
3375 3
767 3
5157 3
5732 3
2554 3
537 3
3136 3
4502 3
1416 3
5044 3
3668 3
944 3
979 2
616 2
2251 2
510 2
4144 2
3045 2
3077 2
4777 2
3263 2
5598 2
1746 2
4138 2
246 2
3639 2
3283 2
4561 2
3381 2
1975 2
307 2
3664 2
48 2
794 2
3572 2
2757 2
4911 2
5528 2
3617 2
5201 2
2198 2
2614 2
2062 2
677 2
1180 2
5492 2
2898 2
1761 2
3449 2
5233 2
1020 2
4547 2
5870 2
3559 2
2281 2
3641 2
2025 2
4525 2
3821 2
5093 2
160 2
1858 2
822 2
1724 2
3240 2
5884 2
1119 2
820 2
685 2
3121 2
4224 2
5465 2
322 2
5635 2
5392 2
514 2
1173 2
608 2
4990 2
697 2
2321 2
4348 2
1215 2
3 2
3357 2
1836 2
4545 2
205 2
937 2
2167 2
612 2
1232 2
5441 2
1101 2
4738 2
3106 2
4619 2
4245 2
3308 2
3665 2
4275 2
1550 2
1207 2
305 2
2108 2
1779 2
5234 2
5530 2
194 2
2969 2
2943 2
3259 2
3898 2
4424 2
360 2
18 2
274 2
1140 2
1665 2
295 2
5751 2
543 2
1835 2
3914 2
3028 2
211 2
5525 2
4696 2
4485 2
3040 2
1960 2
2508 2
1378 2
2401 2
1335 2
1962 2
4675 2
3430 2
3493 2
2037 2
3160 2
3105 2
5830 2
3561 2
1730 2
5460 2
1185 2
2884 2
5807 2
3938 2
4130 2
4877 2
3383 2
2714 2
1366 2
3792 2
5167 2
2383 2
5347 2
5650 2
2199 2
2216 2
1948 2
5735 2
4700 2
969 2
4864 2
5411 2
2229 2
1175 2
1766 2
3812 2
2656 2
2326 2
134 2
4093 2
4583 2
948 2
1688 2
2871 2
3718 2
987 2
1154 2
2084 2
1781 2
4190 2
5463 2
2483 2
5737 2
1279 2
1589 2
5521 2
1912 2
2856 2
3515 2
5755 2
4185 2
918 2
5703 2
5112 2
2750 2
4327 2
3274 2
4851 2
3695 2
1400 2
3833 2
5566 2
956 2
2940 2
4944 2
5162 2
5863 2
4799 2
1638 2
3431 2
1047 2
3252 2
3494 2
2811 2
2941 2
1438 2
2402 2
1586 2
3873 2
1795 2
4155 2
469 2
2122 2
3801 2
5471 2
1769 2
971 2
5002 2
4861 2
4659 2
2918 2
2450 2
1291 2
5454 2
3589 2
1490 2
1976 2
4855 2
3713 2
5293 2
1107 2
3409 2
4182 2
5548 2
5148 2
973 2
2587 2
2142 2
3759 2
830 2
5903 2
1429 2
5722 2
1442 2
3762 2
2434 2
1421 2
4118 2
1314 2
4999 2
393 2
2021 2
506 2
1917 2
323 2
2758 2
2175 2
5235 2
5608 2
5284 2
2869 2
5202 2
1178 2
858 2
976 2
3103 2
2649 2
796 2
4562 2
2778 2
548 2
3601 2
2451 2
2658 2
5801 2
1602 2
4013 2
1237 2
3857 2
634 2
2456 2
2011 2
3128 2
5367 2
2493 2
972 2
4328 2
799 2
5042 2
732 2
1149 2
2396 2
4178 2
672 2
2945 2
1191 2
3586 2
4254 2
342 2
1946 2
5120 2
3543 2
1409 2
1551 2
2400 2
5035 2
4873 2
867 2
4789 2
1855 2
4208 2
2218 2
4264 2
2263 2
1037 2
2494 2
5533 2
2854 2
3780 2
2744 2
1547 2
4689 2
4985 2
3229 2
1074 2
3328 2
375 2
4640 2
1169 2
3226 2
5702 2
1577 2
3535 2
4554 2
3876 2
1893 2
431 2
2161 2
1619 2
5636 2
1644 2
1064 2
1516 2
2962 2
4160 2
4229 2
1189 2
1818 2
3151 2
3181 2
5647 2
2190 2
1135 2
135 2
1549 2
1973 2
1839 2
3426 2
675 2
442 2
3119 2
4742 2
3126 2
5718 2
420 2
1342 2
702 2
1392 2
3013 2
1595 2
4564 2
2029 2
769 2
3499 2
3517 2
2023 2
4623 2
656 2
966 2
2228 2
3210 2
1743 2
889 2
4231 2
2005 2
5683 2
5114 2
563 2
4290 2
75 2
3557 2
4925 2
5210 2
163 2
2596 2
740 2
919 2
4654 2
1131 2
3903 2
5918 2
4141 2
1520 2
4106 2
4024 2
1039 2
1269 2
5034 2
5356 2
1451 2
930 2
3551 2
2113 2
5898 2
92 2
2286 2
4252 2
4874 2
3802 2
829 2
1813 2
3702 2
1038 2
5706 2
3547 2
452 2
4114 2
5773 2
1157 2
4656 2
5738 2
5538 2
1522 2
243 2
2880 2
2817 2
909 2
5087 2
4722 2
2208 2
5535 2
4686 2
5856 2
4712 2
4176 2
4003 2
2437 2
1100 2
184 2
2993 2
3130 2
212 2
5605 2
5046 2
5151 2
3109 2
5495 2
5142 2
4119 2
2706 2
2040 2
2097 2
5414 2
443 2
5793 2
1375 2
4456 2
2302 2
3241 2
4801 2
3466 2
275 2
97 2
3474 2
3161 2
5840 2
3804 2
1306 2
5739 2
370 2
2629 2
2511 2
2120 2
2547 2
4761 2
2659 2
1651 2
4497 2
1958 2
2237 2
4836 2
3574 2
3884 2
4934 2
3309 2
3582 2
433 2
1202 2
1508 2
4331 2
1838 2
4472 2
277 2
2606 2
2551 2
2412 2
5165 2
1957 2
4001 2
1361 2
61 2
2695 2
5242 2
2908 2
312 2
4439 2
1082 2
1861 2
4818 2
2619 2
2248 2
4202 2
2728 2
4085 2
5573 2
2507 2
4915 2
2132 2
1553 2
3930 2
4913 2
5453 2
3549 2
1705 2
2395 2
4657 2
5616 2
3748 2
3436 2
2124 2
266 2
1731 2
2665 2
2807 2
589 2
2605 2
93 2
4062 2
1491 2
2805 2
3047 2
5871 2
3293 2
5309 2
348 2
2282 2
503 2
3809 2
618 2
4209 2
4299 2
1529 2
1028 2
623 2
804 2
5215 2
5281 2
4177 2
2979 2
3300 2
3971 2
5744 2
1021 2
1350 2
5743 2
302 2
403 2
4792 2
2047 2
5435 2
3184 2
2644 2
4306 2
863 2
659 2
762 2
678 2
2567 2
5018 2
3742 2
3012 2
1849 2
5763 2
425 2
594 2
56 2
4983 2
5459 2
2028 2
5524 2
4004 2
2272 2
565 2
3913 2
3204 2
2366 2
4242 2
5257 2
137 2
1436 2
4494 2
1297 2
4978 2
5629 2
1036 2
3064 2
1616 2
343 2
1936 2
4977 2
5299 2
1991 2
4688 2
2144 2
2584 2
5868 2
2994 2
5254 2
1309 2
3690 2
140 2
4574 2
1608 2
1853 2
5689 2
978 2
1155 2
1914 2
5439 2
4193 2
2764 2
658 2
694 2
5402 2
11 2
3765 2
4025 2
5103 2
3027 2
335 2
710 2
4726 2
2150 2
1947 2
4866 2
4473 2
2176 2
2724 2
4537 2
253 2
2300 2
1555 2
3173 2
718 2
1851 2
2153 2
3953 2
3004 2
4346 2
5483 2
3866 2
4571 2
2982 2
24 2
954 2
5416 2
4972 2
828 2
3368 2
1469 2
2806 2
1517 2
2997 2
2106 2
3785 2
1071 2
1787 2
1365 2
481 2
3865 2
1218 2
3728 2
3519 2
5834 2
730 2
3096 2
4785 2
3643 2
2787 2
294 2
419 2
2180 2
3223 2
5371 2
5882 2
5266 2
4958 2
1650 2
66 2
368 2
3186 2
2913 2
660 2
5427 2
4917 2
2647 2
2404 2
5485 2
